803
485
2363
349
1740
49
103
1266
1835
555
2022
416
2068
472
2252
1925
1676
1120
1691
1978
900
1326
1613
514
367
1371
1480
28
1545
1510
1436
1447
1903
2162
1536
2268
964
70
984
638
406
944
567
142
1091
1004
1183
651
996
1852
1212
1912
1396
247
5
721
2273
2091
1854
1276
1076
374
861
1696
1732
369
893
858
1039
1713
1415
823
1379
1818
1336
2155
2359
813
226
1328
1869
616
1285
1474
1197
285
1799
1161
993
1986
1305
1202
1280
592
62
1288
1190
740
1965
551
2329
1597
1874
1891
1680
329
1953
1909
446
1719
2047
1737
1655
1759
1237
1163
415
625
327
1624
2103
13
1948
1966
1847
2364
1757
362
1553
819
1223
1016
1427
233
1361
2345
1883
2099
854
1787
127
272
1582
2085
2262
1606
589
2114
2267
1822
1482
154
184
381
763
1723
1493
11
322
1943
1325
2151
1402
386
1313
1351
29
1505
1844
1481
1377
254
1616
454
812
1021
1557
2063
604
234
1683
2193
988
481
1859
2260
2220
1540
2084
73
1863
400
936
906
302
2082
290
1229
2013
887
1470
281
112
2226
1200
1145
2141
2050
287
1997
1711
942
1826
1611
148
615
636
1001
684
1698
451
258
1716
1748
735
2116
924
383
1760
2187
1577
1421
2256
517
836
1049
664
548
20
2144
777
1817
56
2060
136
501
949
1429
84
266
2127
1795
2243
1959
1816
512
1908
695
1099
818
1442
1391
800
1821
1085
219
516
385
2093
793
711
608
561
1898
1100
475
978
701
741
1896
1418
2343
1116
1281
1497
939
86
1130
691
52
215
1620
1476
2356
1279
251
1106
1030
2051
985
83
1400
426
60
1465
725
1244
738
848
1240
1307
744
1671
885
1215
1374
1475
1496
862
2110
326
596
1053
1015
1902
1422
909
1362
152
1875
1666
95
671
344
2176
534
960
2241
186
1270
315
522
1781
1788
149
2289
1292
1895
1745
2389
981
963
2348
1254
1011
478
469
231
1201
14
2309
1138
851
1224
825
487
1304
1401
1420
1984
1851
1910
683
185
1812
1383
1564
357
728
456
2153
643
245
343
2317
1767
1861
1242
1112
1725
1856
244
2097
1761
2034
1919
639
1988
1870
631
1650
482
1876
1569
1495
267
496
955
2326
973
1155
1428
1735
527
994
1681
1449
1038
1241
1594
1763
1685
135
111
65
2311
2340
1840
764
350
1811
1274
998
1395
1929
93
78
1219
1075
749
1047
980
2167
443
1331
1330
337
1688
533
1184
158
156
117
1831
1378
1423
1098
1932
1829
1498
665
1129
468
990
2301
855
1341
1220
147
1353
207
2052
2036
1003
2290
1251
1024
2259
342
1674
1332
1110
486
89
439
795
864
842
1580
1263
1103
110
457
288
1070
2090
1642
265
545
573
2000
607
875
731
2016
943
1090
2158
1779
1225
2054
1217
1485
806
271
2106
450
2313
1478
2067
2293
181
2333
587
130
1231
2360
1052
929
1046
1726
311
2304
32
578
2261
118
2192
810
1634
1800
856
688
1656
1770
1559
273
2201
853
407
500
2008
1214
1352
1539
2292
872
69
225
2266
405
1303
968
260
520
1114
2124
2057
605
1954
1659
2365
1036
2035
1245
1525
704
1537
1207
1204
460
183
1689
839
2379
666
151
1879
2074
748
2297
411
2246
379
1348
505
1132
448
1798
1834
2318
2302
1520
1188
785
2113
1797
1789
347
1512
705
455
1793
559
1267
1344
30
261
2070
1472
1994
1643
644
1438
1833
2215
910
553
173
969
1067
1042
397
1631
195
2030
1176
2024
473
373
1430
306
222
1950
47
301
1920
1158
477
1648
243
525
1820
191
2225
40
1911
1437
1566
1170
1636
1295
314
2007
1058
1411
375
1646
1390
2285
667
645
44
1499
1105
1081
876
393
989
1694
1962
2132
2043
307
372
123
1490
2200
849
1823
799
832
1179
771
309
539
1339
38
1813
1057
2280
22
537
282
63
1570
132
931
2334
699
200
2282
912
2136
1992
402
269
557
98
492
888
1708
1794
1807
2287
957
1066
1941
26
2275
1461
1264
2214
1084
1942
1940
1044
423
1056
698
316
535
90
1728
2175
1766
1195
418
2265
1957
2307
138
2134
284
331
649
332
1998
886
2163
2353
1652
2347
2095
1272
53
378
1433
794
863
178
1060
1682
1434
582
2053
464
1843
2157
413
1435
511
792
656
198
252
365
1450
1884
1317
513
43
546
852
27
159
390
657
997
168
24
1951
824
1546
1142
404
558
673
1456
194
495
687
1571
1236
1399
2263
1845
2248
1121
171
1507
441
1119
134
1439
1020
1535
1115
2346
898
188
356
746
2203
540
346
730
859
1392
2140
270
295
445
784
2227
1573
570
1703
370
2319
1159
610
1387
716
2133
1416
707
2045
590
15
1333
497
2168
424
1706
1768
2222
1653
1501
1576
2354
46
1926
409
263
1560
1196
750
1968
364
1054
1073
2154
1906
1985
1169
2048
220
1127
668
2257
2098
834
1172
392
881
2062
1509
1192
2202
1
193
1731
679
1320
571
2204
463
427
2374
543
1206
2038
23
585
734
1773
2150
85
25
1365
1972
2369
1915
2072
1316
2197
1590
2028
2303
1921
724
499
328
140
940
1660
1730
303
1386
262
470
554
116
1062
1074
804
1284
121
946
670
1088
42
1014
1924
923
574
196
1471
67
1602
911
2371
2205
897
503
1581
2174
2126
1425
1464
1149
1618
2182
1810
1609
403
190
1734
1945
1068
1837
1346
1443
626
1494
1232
2042
2017
1586
2342
214
107
2349
992
1467
1310
1376
1096
948
