506
312
542
2107
1176
1260
710
2201
1710
635
718
2126
2342
697
2300
1231
1303
1729
1654
1240
264
2129
94
1992
1890
871
2070
1993
2353
2034
1668
2185
148
1787
831
803
283
1730
2306
1125
331
1759
1173
76
261
1739
613
993
1385
1391
964
1618
1922
2122
1828
819
1952
637
678
1000
21
596
497
1997
2018
1292
405
1366
868
1918
1646
2375
1520
762
2335
1339
1027
356
1864
2380
388
1637
2346
117
2295
1370
866
1346
308
2047
1683
910
2372
2287
1184
781
1254
746
764
1040
1944
1285
1632
1535
2020
1272
775
228
214
114
1494
958
1869
167
1531
400
1684
1053
1813
1133
1449
1358
1830
232
124
2298
91
418
1182
1726
2154
1859
886
1324
1074
1704
47
242
1863
2387
841
321
1526
734
396
456
1162
398
1877
1245
664
864
1485
19
800
1621
748
2176
1137
2234
2069
553
1188
1333
158
1973
212
810
589
10
1455
129
166
1940
723
1837
2022
1610
970
118
1126
852
579
1873
1348
1569
1328
2354
178
694
2370
561
581
1259
893
294
552
1146
181
1549
1652
2257
2299
1900
802
1250
701
1674
1587
1022
2108
1191
1603
1019
1064
914
1583
2270
1399
1792
839
425
1323
1447
699
2236
128
577
2097
477
1736
1063
2110
64
1230
906
1130
1017
1934
2313
785
1021
1964
34
1552
1764
1065
70
1657
446
788
2141
2224
2245
728
1248
1769
557
1076
953
1214
1936
1885
193
2064
1379
323
692
1271
947
109
2082
1079
1257
2268
1706
362
416
1916
2280
2338
1891
1147
1565
1360
916
687
1179
1536
180
1737
1568
1866
750
1008
2166
2310
2089
1210
110
1723
424
940
538
928
313
1096
414
814
580
1426
593
1521
289
2004
1438
1396
1318
2241
2228
585
1733
1666
1445
2206
2260
2090
861
36
630
1816
2190
917
2362
2150
333
665
822
1695
1057
369
529
233
2019
169
645
1690
1042
1629
880
2106
1588
2281
1985
1470
1578
1083
1061
876
165
1906
1088
338
1829
1815
1793
575
715
516
647
2042
2277
1968
2145
619
1266
383
523
921
1742
206
57
2179
2214
1326
249
2115
1561
2043
1155
407
176
1579
1926
1196
364
730
279
2356
558
1623
1590
1468
502
1801
1273
602
1252
1884
1571
875
2232
1013
628
1875
225
150
1263
1408
1852
116
2149
113
657
674
972
2091
1193
971
1601
1243
1367
270
926
859
2170
203
2118
2314
909
1914
2278
766
1969
1304
2208
69
793
2315
1627
4
721
1001
1220
2046
1947
682
1405
2057
1913
491
2098
480
5
2305
2044
192
2308
2279
545
1185
304
512
874
2293
1855
1020
2328
25
2276
597
152
1612
1276
676
72
1958
634
795
93
196
1975
1168
80
1883
969
286
883
1491
1376
406
1014
695
760
514
1232
1073
884
2272
1048
328
432
895
1244
1950
783
1336
633
887
1589
2197
2071
20
641
71
472
2142
531
2292
1112
1585
2239
1974
673
172
1157
1788
404
1484
82
385
1799
885
1474
1025
937
397
1488
175
1853
643
476
190
833
140
13
500
1005
1574
716
856
1697
171
808
2246
616
33
2066
1896
1397
457
1007
1862
440
2
298
1802
1602
747
88
2121
1293
1190
1450
1167
778
73
2199
1633
461
1110
2210
280
1720
1735
268
2147
902
216
2095
1892
625
1644
14
1356
2294
1554
1149
546
1321
708
2304
2212
898
240
804
2049
87
567
537
655
1043
592
544
563
974
1575
1181
560
1351
1525
901
1625
315
978
320
260
1915
815
2371
1977
1566
1986
1662
1932
1718
1466
1026
1279
806
627
565
566
2178
1039
147
763
1427
1743
1532
1581
442
2010
444
161
1724
1143
1835
667
1611
505
1540
28
1617
229
744
851
1467
135
311
285
584
417
1594
1929
668
2301
622
845
1747
621
83
1092
1847
1477
954
1436
649
835
606
434
1745
1614
551
1703
1503
84
1170
1217
855
59
1661
273
376
736
43
588
2344
1636
344
951
1371
1198
1547
2063
486
230
1359
743
1786
1645
1338
1479
1142
495
48
1235
1797
534
2023
1116
1507
1857
2202
543
1638
1744
2385
1946
1029
2189
1368
2282
732
1543
913
2130
1949
1078
1290
1223
276
156
157
777
134
1378
1511
757
850
698
408
2036
458
1760
1533
562
1298
1879
1482
44
1942
555
1218
146
1340
1409
2321
15
813
968
1009
548
53
341
857
1458
1850
1225
1766
2102
722
1630
220
1775
2113
429
1204
2207
325
2378
1247
2052
805
2242
284
870
1050
1806
2031
1084
1721
360
437
1754
920
274
1320
348
1189
1616
18
1613
1551
1567
1808
401
1056
1
1327
1452
99
660
1871
263
1728
309
1131
2238
774
1732
1208
1030
521
211
366
1948
1512
2026
1669
726
1267
1160
1763
1937
1194
2349
2093
318
1476
479
518
1100
336
1716
1045
501
2027
1783
1274
2072
1719
2259
2381
1655
1047
1077
599
194
303
1880
1539
2269
2127
666
869
1432
1393
1546
1882
755
1773
1817
482
2125
731
186
201
821
765
1659
2164
266
441
248
1384
1577
733
549
759
2074
1282
2028
422
85
2094
24
717
1402
2303
590
2025
991
460
526
1702
933
1246
420
1903
173
1095
1309
2153
100
2008
2158
189
1758
1495
770
316
403
1415
219
2275
1712
307
1556
768
1431
896
1332
1278
2059
789
1504
848
1795
322
2182
618
77
492
1803
1156
648
106
2035
183
1434
979
1550
1805
459
2289
2309
784
1582
1905
439
1249
2114
2169
38
131
1138
1052
1994
2088
